.Random.seed <-
c(10403L, 10L, -1651671727L, -1029993469L, -1135684718L, 1801699620L, 
-23136281L, -1769927619L, 261896884L, -549889766L, 1926314597L, 
512651007L, -1941425274L, 433280272L, -1002566221L, -1026707887L, 
-870674944L, 187550430L, 624806185L, 1937298651L, 500757482L, 
-1815993460L, 1898128591L, -1791964027L, 409356092L, -298519022L, 
1855739149L, -1880424889L, 1979909166L, -1129748088L, 783880331L, 
1201531497L, 1444951608L, 675892966L, -1481856383L, 1672197651L, 
97477058L, 1204882036L, 163015799L, 1669289325L, 65120772L, 1267697962L, 
-1738285419L, 1976628527L, 2122453046L, -144489376L, -1492145501L, 
-46154303L, 1538136496L, 326879438L, 1470363193L, -400152501L, 
1290516986L, -1233586948L, 152312127L, -562055659L, 1932936492L, 
196175362L, -824451875L, 1701537751L, 1332998846L, -1860025096L, 
205216475L, 1978769721L, -703716216L, -1931557834L, -1685856143L, 
-1878330717L, 139216882L, -1482314940L, 1385866247L, -2017951267L, 
558522068L, -1710784006L, 1054354757L, -609592929L, -431879386L, 
727643056L, -1408810925L, 1458371441L, 184937120L, 565919294L, 
-1505692343L, 119860219L, 222367690L, -523755220L, -790512337L, 
-556063771L, -1446241636L, 1757519602L, -1245925523L, -618805081L, 
-1139258674L, -868624344L, -733494229L, -1302829495L, 1339952984L, 
363244038L, 1547686881L, -411143821L, -1288470046L, -1860258476L, 
-852816809L, 872050765L, 2118022116L, 40546762L, -1364756427L, 
-351627633L, 434079638L, -1554699456L, 1374569987L, -2008941535L, 
-520278256L, -1256160018L, -1178825575L, -389822165L, -1679761382L, 
1101126364L, 946883295L, -1053600587L, 1049576012L, -1299468638L, 
-1809566211L, -2051825929L, 237492254L, -2146968872L, 1564692027L, 
1851153369L, 1042565480L, -1570725738L, 1199210001L, 103430083L, 
-1451234350L, 415184484L, 1132225959L, 805190397L, -1371218188L, 
940743130L, 1724513573L, -1783387073L, -1068139578L, 515438672L, 
-1264307085L, -1089398639L, -713283392L, -193903970L, 1962090089L, 
-666628453L, -222551126L, 921962444L, 357685903L, -1332038971L, 
451861116L, 2093135570L, 651723341L, -445346041L, 759911150L, 
1238394824L, 417556683L, -1416758999L, 1628152184L, -429087066L, 
342487233L, 2123553107L, -833157630L, 488128308L, -440734537L, 
-1106461523L, 1674521028L, 2001979882L, -1329056171L, -609540113L, 
1728182262L, -1644351200L, 33013475L, 955082625L, 819536368L, 
-1091592050L, -958134279L, 78060939L, 1120750010L, -589788996L, 
2102946815L, -817571499L, 1783636588L, -947091774L, 1881133341L, 
843442071L, 1940906750L, 383776952L, -2110037349L, -447385351L, 
1939690056L, 79609206L, 1307552945L, -1132936989L, -1900027982L, 
-836591612L, 1761776455L, -734049763L, -1576804204L, -450949062L, 
-801435003L, -505146529L, 1949199334L, -559913360L, 1992149395L, 
1355361841L, -1915616032L, -1592511106L, -1053251575L, 846891067L, 
74372618L, 1785923052L, 40405615L, -1934883419L, -1034537636L, 
-215455438L, 1440462893L, 1046206183L, 2084928526L, -965909016L, 
1414500331L, -927551351L, 853812248L, -1985039546L, 1617867169L, 
-303685581L, 1036135842L, 1444451132L, -971118222L, 2104531760L, 
1279466788L, 2078960440L, -550842662L, -1396488304L, -453480708L, 
-1968178284L, 508039234L, 1734382848L, 1123984444L, 1459872080L, 
-60047198L, 1489899848L, 1014597388L, -663584036L, 1140268370L, 
-1120332672L, -1027157932L, -1122324504L, -1589516038L, -1600300208L, 
-1834148052L, -1228863116L, -1802269806L, -1910532000L, -749339252L, 
-478471328L, 1788082658L, -773442648L, 1212347596L, 44445692L, 
59442610L, -1976052240L, 1420856260L, -1427827368L, 60438906L, 
-257776720L, 2079783356L, 1843898452L, 1832404930L, -774836192L, 
-1705695044L, 452936272L, -1296374814L, -1827569560L, 1991472204L, 
-1585919748L, -1331917838L, -1096972032L, -1232277132L, -47907832L, 
-1239568454L, -1045069360L, 1812212716L, 1489047956L, 447664594L, 
-940752544L, -412434612L, -35759840L, 1046769538L, 1043832552L, 
-531754772L, 489215036L, -130684046L, -638796176L, -461614044L, 
-310686920L, -1525142374L, -386092336L, -368803652L, -1116860780L, 
-259283326L, 2080405696L, 1499411260L, 1471528080L, 1204035106L, 
-1531281400L, 544390412L, 309451932L, 1003191826L, -1742119040L, 
-715600364L, 2038721064L, -480148166L, 1057708496L, 1153012844L, 
335321396L, -109918574L, 1640819552L, -289938612L, 1828902880L, 
-2133833822L, -1804490840L, 1637805452L, -1324734276L, -636229262L, 
859895024L, -404168636L, 1317032280L, 1708389946L, -2034402448L, 
803428412L, 367533844L, -1703610942L, -1336255776L, -567359620L, 
-74330416L, -199427934L, 1842338856L, -1725815540L, 1652697020L, 
-2005309134L, 1296312768L, 1239837236L, -684422200L, -805988166L, 
-568665712L, -75124244L, 437813844L, -2060263278L, -290636000L, 
-2084599348L, -307399200L, 1676105410L, -425712600L, -523324756L, 
-788970308L, 1186290L, 1945182512L, 2040378532L, -1770871112L, 
120966490L, 1237558672L, 170439548L, -391784172L, -105221310L, 
2061736704L, 120068028L, 679976784L, -788749534L, 1676606792L, 
-279881204L, -1619085220L, -706491182L, 499767808L, 2121289044L, 
-1744299544L, -347587590L, -2111213360L, 1835089196L, -2050936076L, 
-1199732334L, -2006502304L, 1466115340L, -211832096L, -2058262174L, 
-230864216L, -1611492788L, -332725892L, 1371014450L, 1505480816L, 
1909634884L, 1396616664L, -1814512518L, -849277392L, 711723708L, 
1167085396L, -75803582L, -1368380000L, -1680737604L, -617678384L, 
1212837218L, -706367512L, -1524480052L, 1074675452L, 400941554L, 
-735401856L, -1486211852L, -1180125560L, -2073229510L, -1676061872L, 
-135735700L, -2146692972L, 1934901586L, -839328032L, 2025124556L, 
1048613024L, -394011774L, -847088920L, 336204524L, -372085700L, 
-1767284110L, 101114992L, -193411548L, -944159688L, -894244838L, 
833047248L, -2032556996L, 2021381268L, -1170600830L, -1787009088L, 
-1483007684L, -153963888L, 966646818L, 263808008L, -240371572L, 
1379560476L, 1969407634L, -461835136L, 927727636L, -1076009688L, 
-1514877382L, 764388560L, -699136916L, -816033100L, 1174177810L, 
-964446240L, -442052660L, -426234400L, -1059197406L, -1147606744L, 
-1674366708L, -395372996L, -1671520014L, -725386512L, 908495084L, 
1273007165L, 1731477511L, -164103184L, 722507662L, 312862139L, 
-2080529507L, 386832714L, -1811484312L, -1431816367L, 1302586435L, 
-948761276L, 1703505394L, 1809557447L, 1551739281L, -1202307818L, 
-957897356L, -1562123259L, -623754161L, 546789448L, -99791386L, 
1054991123L, -1052019595L, 1671958098L, -754964320L, 564715913L, 
-1401343557L, 653028876L, -813713510L, -1709539569L, -1819458215L, 
-1924972562L, 675776124L, -279736595L, -1401783913L, -1773440416L, 
-1393719234L, -1193758453L, -2107874419L, -453099334L, 1971767032L, 
-1822380895L, -93423533L, 2141815668L, 1426989314L, 35381655L, 
-21972127L, -1700823130L, -2040927836L, 201658453L, -1586436865L, 
573720984L, -62500170L, 1656130371L, -820013435L, -1917478110L, 
1240883216L, -938738759L, -2105947029L, 1850445660L, -263686518L, 
-1774906753L, 524360649L, 747300958L, 26860300L, 1736688349L, 
-198136857L, 1184370704L, -1755259602L, 953995739L, -304806211L, 
1206924330L, -1019304760L, 1573361L, 890392419L, -396667036L, 
439168658L, -1437226137L, -841591503L, -1320571274L, 104804244L, 
-631518299L, -683508561L, 546566504L, 1863104838L, 735236339L, 
472141397L, -170020302L, 719716352L, 221390057L, 537781083L, 
1250346412L, 1694293434L, 680930159L, -854323975L, -738717298L, 
-1626184612L, 1898428109L, 1897194039L, 1201998016L, 1960818590L, 
-124609429L, -1888044051L, -2023367078L, 1267376408L, 1438158465L, 
-170908621L, 806171220L, -574761374L, 1247189239L, 141384513L, 
1799705030L, 1527298820L, 735907509L, 1475631519L, -709683720L, 
-1987912746L, 2094040675L, -664013275L, 894002626L, 2085493424L, 
775574233L, -501930933L, 1049254588L, -347780886L, -353139425L, 
-597373527L, 1087212350L, -1652939220L, -1176660867L, 688426695L, 
-1756530768L, -1133303346L, -1732009221L, 590561629L, -1871535478L, 
-735678296L, 779858961L, 1930478851L, -1349793788L, 47212594L, 
513212551L, 1981852881L, 934082134L, -1086413260L, 2141248837L, 
